DAC	R	G	B	W
0	-1	-1	-1	0.18
1	-1	-1	-1	0.2019
2	-1	-1	-1	0.2238
3	-1	-1	-1	0.2456
4	-1	-1	-1	0.2675
5	-1	-1	-1	0.2894
6	-1	-1	-1	0.3113
7	-1	-1	-1	0.3331
8	-1	-1	-1	0.355
9	-1	-1	-1	0.3769
10	-1	-1	-1	0.3988
11	-1	-1	-1	0.4206
12	-1	-1	-1	0.4425
13	-1	-1	-1	0.4644
14	-1	-1	-1	0.4863
15	-1	-1	-1	0.5081
16	-1	-1	-1	0.53
17	-1	-1	-1	0.5969
18	-1	-1	-1	0.6638
19	-1	-1	-1	0.7306
20	-1	-1	-1	0.7975
21	-1	-1	-1	0.8644
22	-1	-1	-1	0.9313
23	-1	-1	-1	0.9981
24	-1	-1	-1	1.065
25	-1	-1	-1	1.1319
26	-1	-1	-1	1.1988
27	-1	-1	-1	1.2656
28	-1	-1	-1	1.3325
29	-1	-1	-1	1.3994
30	-1	-1	-1	1.4663
31	-1	-1	-1	1.5331
32	-1	-1	-1	1.6
33	-1	-1	-1	1.7175
34	-1	-1	-1	1.835
35	-1	-1	-1	1.9525
36	-1	-1	-1	2.07
37	-1	-1	-1	2.1875
38	-1	-1	-1	2.305
39	-1	-1	-1	2.4225
40	-1	-1	-1	2.54
41	-1	-1	-1	2.6575
42	-1	-1	-1	2.775
43	-1	-1	-1	2.8925
44	-1	-1	-1	3.01
45	-1	-1	-1	3.1275
46	-1	-1	-1	3.245
47	-1	-1	-1	3.3625
48	-1	-1	-1	3.48
49	-1	-1	-1	3.6612
50	-1	-1	-1	3.8425
51	-1	-1	-1	4.0237
52	-1	-1	-1	4.205
53	-1	-1	-1	4.3863
54	-1	-1	-1	4.5675
55	-1	-1	-1	4.7488
56	-1	-1	-1	4.93
57	-1	-1	-1	5.1113
58	-1	-1	-1	5.2925
59	-1	-1	-1	5.4737
60	-1	-1	-1	5.655
61	-1	-1	-1	5.8362
62	-1	-1	-1	6.0175
63	-1	-1	-1	6.1988
64	-1	-1	-1	6.38
65	-1	-1	-1	6.6375
66	-1	-1	-1	6.895
67	-1	-1	-1	7.1525
68	-1	-1	-1	7.41
69	-1	-1	-1	7.6675
70	-1	-1	-1	7.925
71	-1	-1	-1	8.1825
72	-1	-1	-1	8.44
73	-1	-1	-1	8.6975
74	-1	-1	-1	8.955
75	-1	-1	-1	9.2125
76	-1	-1	-1	9.47
77	-1	-1	-1	9.7275
78	-1	-1	-1	9.985
79	-1	-1	-1	10.2425
80	-1	-1	-1	10.5
81	-1	-1	-1	10.8688
82	-1	-1	-1	11.2375
83	-1	-1	-1	11.6062
84	-1	-1	-1	11.975
85	-1	-1	-1	12.3438
86	-1	-1	-1	12.7125
87	-1	-1	-1	13.0812
88	-1	-1	-1	13.45
89	-1	-1	-1	13.8188
90	-1	-1	-1	14.1875
91	-1	-1	-1	14.5562
92	-1	-1	-1	14.925
93	-1	-1	-1	15.2937
94	-1	-1	-1	15.6625
95	-1	-1	-1	16.0313
96	-1	-1	-1	16.4
97	-1	-1	-1	16.8687
98	-1	-1	-1	17.3375
99	-1	-1	-1	17.8062
100	-1	-1	-1	18.275
101	-1	-1	-1	18.7437
102	-1	-1	-1	19.2125
103	-1	-1	-1	19.6812
104	-1	-1	-1	20.15
105	-1	-1	-1	20.6187
106	-1	-1	-1	21.0875
107	-1	-1	-1	21.5562
108	-1	-1	-1	22.025
109	-1	-1	-1	22.4937
110	-1	-1	-1	22.9625
111	-1	-1	-1	23.4312
112	-1	-1	-1	23.9
113	-1	-1	-1	24.475
114	-1	-1	-1	25.05
115	-1	-1	-1	25.625
116	-1	-1	-1	26.2
117	-1	-1	-1	26.775
118	-1	-1	-1	27.35
119	-1	-1	-1	27.925
120	-1	-1	-1	28.5
121	-1	-1	-1	29.075
122	-1	-1	-1	29.65
123	-1	-1	-1	30.225
124	-1	-1	-1	30.8
125	-1	-1	-1	31.375
126	-1	-1	-1	31.95
127	-1	-1	-1	32.525
128	-1	-1	-1	33.1
129	-1	-1	-1	33.8313
130	-1	-1	-1	34.5625
131	-1	-1	-1	35.2938
132	-1	-1	-1	36.025
133	-1	-1	-1	36.7563
134	-1	-1	-1	37.4875
135	-1	-1	-1	38.2188
136	-1	-1	-1	38.95
137	-1	-1	-1	39.6812
138	-1	-1	-1	40.4125
139	-1	-1	-1	41.1437
140	-1	-1	-1	41.875
141	-1	-1	-1	42.6062
142	-1	-1	-1	43.3375
143	-1	-1	-1	44.0687
144	-1	-1	-1	44.8
145	-1	-1	-1	45.6563
146	-1	-1	-1	46.5125
147	-1	-1	-1	47.3687
148	-1	-1	-1	48.225
149	-1	-1	-1	49.0812
150	-1	-1	-1	49.9375
151	-1	-1	-1	50.7937
152	-1	-1	-1	51.65
153	-1	-1	-1	52.5063
154	-1	-1	-1	53.3625
155	-1	-1	-1	54.2188
156	-1	-1	-1	55.075
157	-1	-1	-1	55.9312
158	-1	-1	-1	56.7875
159	-1	-1	-1	57.6437
160	-1	-1	-1	58.5
161	-1	-1	-1	59.3375
162	-1	-1	-1	60.175
163	-1	-1	-1	61.0125
164	-1	-1	-1	61.85
165	-1	-1	-1	62.6875
166	-1	-1	-1	63.525
167	-1	-1	-1	64.3625
168	-1	-1	-1	65.2
169	-1	-1	-1	66.0375
170	-1	-1	-1	66.875
171	-1	-1	-1	67.7125
172	-1	-1	-1	68.55
173	-1	-1	-1	69.3875
174	-1	-1	-1	70.225
175	-1	-1	-1	71.0625
176	-1	-1	-1	71.9
177	-1	-1	-1	72.8188
178	-1	-1	-1	73.7375
179	-1	-1	-1	74.6563
180	-1	-1	-1	75.575
181	-1	-1	-1	76.4938
182	-1	-1	-1	77.4125
183	-1	-1	-1	78.3312
184	-1	-1	-1	79.25
185	-1	-1	-1	80.1688
186	-1	-1	-1	81.0875
187	-1	-1	-1	82.0062
188	-1	-1	-1	82.925
189	-1	-1	-1	83.8438
190	-1	-1	-1	84.7625
191	-1	-1	-1	85.6812
192	-1	-1	-1	86.6
193	-1	-1	-1	87.7312
194	-1	-1	-1	88.8625
195	-1	-1	-1	89.9937
196	-1	-1	-1	91.125
197	-1	-1	-1	92.2562
198	-1	-1	-1	93.3875
199	-1	-1	-1	94.5187
200	-1	-1	-1	95.65
201	-1	-1	-1	96.7813
202	-1	-1	-1	97.9125
203	-1	-1	-1	99.0438
204	-1	-1	-1	100.175
205	-1	-1	-1	101.3063
206	-1	-1	-1	102.4375
207	-1	-1	-1	103.5687
208	-1	-1	-1	104.7
209	-1	-1	-1	106.1313
210	-1	-1	-1	107.5625
211	-1	-1	-1	108.9938
212	-1	-1	-1	110.425
213	-1	-1	-1	111.8563
214	-1	-1	-1	113.2875
215	-1	-1	-1	114.7188
216	-1	-1	-1	116.15
217	-1	-1	-1	117.5813
218	-1	-1	-1	119.0125
219	-1	-1	-1	120.4437
220	-1	-1	-1	121.875
221	-1	-1	-1	123.3062
222	-1	-1	-1	124.7375
223	-1	-1	-1	126.1687
224	-1	-1	-1	127.6
225	-1	-1	-1	129.1188
226	-1	-1	-1	130.6375
227	-1	-1	-1	132.1563
228	-1	-1	-1	133.675
229	-1	-1	-1	135.1937
230	-1	-1	-1	136.7125
231	-1	-1	-1	138.2312
232	-1	-1	-1	139.75
233	-1	-1	-1	141.2688
234	-1	-1	-1	142.7875
235	-1	-1	-1	144.3063
236	-1	-1	-1	145.825
237	-1	-1	-1	147.3438
238	-1	-1	-1	148.8625
239	-1	-1	-1	150.3812
240	-1	-1	-1	151.9
241	-1	-1	-1	153.0333
242	-1	-1	-1	154.1667
243	-1	-1	-1	155.3
244	-1	-1	-1	156.4333
245	-1	-1	-1	157.5667
246	-1	-1	-1	158.7
247	-1	-1	-1	159.8333
248	-1	-1	-1	160.9667
249	-1	-1	-1	162.1
250	-1	-1	-1	163.2333
251	-1	-1	-1	164.3667
252	-1	-1	-1	165.5
253	-1	-1	-1	166.6333
254	-1	-1	-1	167.7667
255	-1	-1	-1	168.9
